0.00	10.00
0.10	9.97
0.20	9.94
0.30	9.91
0.40	9.87
0.50	9.84
0.60	9.81
0.70	9.78
0.80	9.75
0.90	9.72
1.00	9.69
1.10	9.65
1.20	9.62
1.30	9.59
1.40	9.56
1.50	9.53
1.60	9.50
1.70	9.47
1.80	9.44
1.90	9.41
2.00	9.38
2.10	9.35
2.20	9.32
2.30	9.29
2.40	9.25
2.50	9.22
2.60	9.19
2.70	9.16
2.80	9.13
2.90	9.10
3.00	9.07
3.10	9.04
3.20	9.01
3.30	8.98
3.40	8.95
3.50	8.92
3.60	8.89
3.70	8.86
3.80	8.83
3.90	8.80
4.00	8.77
4.10	8.74
4.20	8.71
4.30	8.69
4.40	8.66
4.50	8.63
4.60	8.60
4.70	8.57
4.80	8.54
4.90	8.51
5.00	8.48
5.10	8.45
5.20	8.42
5.30	8.39
5.40	8.36
5.50	8.34
5.60	8.31
5.70	8.28
5.80	8.25
5.90	8.22
6.00	8.19
6.10	8.16
6.20	8.13
6.30	8.11
6.40	8.08
6.50	8.05
6.60	8.02
6.70	7.99
6.80	7.96
6.90	7.94
7.00	7.91
7.10	7.88
7.20	7.85
7.30	7.82
7.40	7.80
7.50	7.77
7.60	7.74
7.70	7.71
7.80	7.68
7.90	7.66
8.00	7.63
8.10	7.60
8.20	7.57
8.30	7.55
8.40	7.52
8.50	7.49
8.60	7.46
8.70	7.44
8.80	7.41
8.90	7.38
9.00	7.35
9.10	7.33
9.20	7.30
9.30	7.27
9.40	7.25
9.50	7.22
9.60	7.19
9.70	7.17
9.80	7.14
9.90	7.11
10.00	7.09
10.10	7.06
10.20	7.03
10.30	7.01
10.40	6.98
10.50	6.95
10.60	6.93
10.70	6.90
10.80	6.87
10.90	6.85
11.00	6.82
11.10	6.80
11.20	6.77
11.30	6.74
11.40	6.72
11.50	6.69
11.60	6.67
11.70	6.64
11.80	6.61
11.90	6.59
12.00	6.56
12.10	6.54
12.20	6.51
12.30	6.49
12.40	6.46
12.50	6.43
12.60	6.41
12.70	6.38
12.80	6.36
12.90	6.33
13.00	6.31
13.10	6.28
13.20	6.26
13.30	6.23
13.40	6.21
13.50	6.18
13.60	6.16
13.70	6.13
13.80	6.11
13.90	6.08
14.00	6.06
14.10	6.04
14.20	6.01
14.30	5.99
14.40	5.96
14.50	5.94
14.60	5.91
14.70	5.89
14.80	5.86
14.90	5.84
15.00	5.82
15.10	5.79
15.20	5.77
15.30	5.74
15.40	5.72
15.50	5.70
15.60	5.67
15.70	5.65
15.80	5.62
15.90	5.60
16.00	5.58
16.10	5.55
16.20	5.53
16.30	5.51
16.40	5.48
16.50	5.46
16.60	5.44
16.70	5.41
16.80	5.39
16.90	5.37
17.00	5.34
17.10	5.32
17.20	5.30
17.30	5.27
17.40	5.25
17.50	5.23
17.60	5.21
17.70	5.18
17.80	5.16
17.90	5.14
18.00	5.11
18.10	5.09
18.20	5.07
18.30	5.05
18.40	5.02
18.50	5.00
18.60	4.98
18.70	4.96
18.80	4.93
18.90	4.91
19.00	4.89
19.10	4.87
19.20	4.85
19.30	4.82
19.40	4.80
19.50	4.78
19.60	4.76
19.70	4.74
19.80	4.71
19.90	4.69
20.00	4.67
20.10	4.65
20.20	4.63
20.30	4.61
20.40	4.59
20.50	4.56
20.60	4.54
20.70	4.52
20.80	4.50
20.90	4.48
21.00	4.46
21.10	4.44
21.20	4.42
21.30	4.39
21.40	4.37
21.50	4.35
21.60	4.33
21.70	4.31
21.80	4.29
21.90	4.27
22.00	4.25
22.10	4.23
22.20	4.21
22.30	4.19
22.40	4.17
22.50	4.15
22.60	4.13
22.70	4.11
22.80	4.09
22.90	4.06
23.00	4.04
23.10	4.02
23.20	4.00
23.30	3.98
23.40	3.96
23.50	3.94
23.60	3.92
23.70	3.90
23.80	3.89
23.90	3.87
24.00	3.85
24.10	3.83
24.20	3.81
24.30	3.79
24.40	3.77
24.50	3.75
24.60	3.73
24.70	3.71
24.80	3.69
24.90	3.67
25.00	3.65
25.10	3.63
25.20	3.61
25.30	3.59
25.40	3.58
25.50	3.56
25.60	3.54
25.70	3.52
25.80	3.50
25.90	3.48
26.00	3.46
26.10	3.44
26.20	3.43
26.30	3.41
26.40	3.39
26.50	3.37
26.60	3.35
26.70	3.33
26.80	3.32
26.90	3.30
27.00	3.28
27.10	3.26
27.20	3.24
27.30	3.23
27.40	3.21
27.50	3.19
27.60	3.17
27.70	3.15
27.80	3.14
27.90	3.12
28.00	3.10
28.10	3.08
28.20	3.07
28.30	3.05
28.40	3.03
28.50	3.01
28.60	3.00
28.70	2.98
28.80	2.96
28.90	2.94
29.00	2.93
29.10	2.91
29.20	2.89
29.30	2.88
29.40	2.86
29.50	2.84
29.60	2.82
29.70	2.81
29.80	2.79
29.90	2.77
30.00	2.76
30.10	2.74
30.20	2.72
30.30	2.71
30.40	2.69
30.50	2.68
30.60	2.66
30.70	2.64
30.80	2.63
30.90	2.61
31.00	2.59
31.10	2.58
31.20	2.56
31.30	2.55
31.40	2.53
31.50	2.51
31.60	2.50
31.70	2.48
31.80	2.47
31.90	2.45
32.00	2.44
32.10	2.42
32.20	2.40
32.30	2.39
32.40	2.37
32.50	2.36
32.60	2.34
32.70	2.33
32.80	2.31
32.90	2.30
33.00	2.28
33.10	2.27
33.20	2.25
33.30	2.24
33.40	2.22
33.50	2.21
33.60	2.19
33.70	2.18
33.80	2.16
33.90	2.15
34.00	2.13
34.10	2.12
34.20	2.10
34.30	2.09
34.40	2.07
34.50	2.06
34.60	2.05
34.70	2.03
34.80	2.02
34.90	2.00
35.00	1.99
35.10	1.97
35.20	1.96
35.30	1.95
35.40	1.93
35.50	1.92
35.60	1.90
35.70	1.89
35.80	1.88
35.90	1.86
36.00	1.85
36.10	1.84
36.20	1.82
36.30	1.81
36.40	1.80
36.50	1.78
36.60	1.77
36.70	1.76
36.80	1.74
36.90	1.73
37.00	1.72
37.10	1.70
37.20	1.69
37.30	1.68
37.40	1.66
37.50	1.65
37.60	1.64
37.70	1.63
37.80	1.61
37.90	1.60
38.00	1.59
38.10	1.57
38.20	1.56
38.30	1.55
38.40	1.54
38.50	1.53
38.60	1.51
38.70	1.50
38.80	1.49
38.90	1.48
39.00	1.46
39.10	1.45
39.20	1.44
39.30	1.43
39.40	1.42
39.50	1.40
39.60	1.39
39.70	1.38
39.80	1.37
39.90	1.36
40.00	1.35
40.10	1.33
40.20	1.32
40.30	1.31
40.40	1.30
40.50	1.29
40.60	1.28
40.70	1.26
40.80	1.25
40.90	1.24
41.00	1.23
41.10	1.22
41.20	1.21
41.30	1.20
41.40	1.19
41.50	1.18
41.60	1.17
41.70	1.15
41.80	1.14
41.90	1.13
42.00	1.12
42.10	1.11
42.20	1.10
42.30	1.09
42.40	1.08
42.50	1.07
42.60	1.06
42.70	1.05
42.80	1.04
42.90	1.03
43.00	1.02
43.10	1.01
43.20	1.00
43.30	0.99
43.40	0.98
43.50	0.97
43.60	0.96
43.70	0.95
43.80	0.94
43.90	0.93
44.00	0.92
44.10	0.91
44.20	0.90
44.30	0.89
44.40	0.88
44.50	0.87
44.60	0.86
44.70	0.85
44.80	0.84
44.90	0.84
45.00	0.83
45.10	0.82
45.20	0.81
45.30	0.80
45.40	0.79
45.50	0.78
45.60	0.77
45.70	0.76
45.80	0.76
45.90	0.75
46.00	0.74
46.10	0.73
46.20	0.72
46.30	0.71
46.40	0.70
46.50	0.70
46.60	0.69
46.70	0.68
46.80	0.67
46.90	0.66
47.00	0.65
47.10	0.65
47.20	0.64
47.30	0.63
47.40	0.62
47.50	0.61
47.60	0.61
47.70	0.60
47.80	0.59
47.90	0.58
48.00	0.58
48.10	0.57
48.20	0.56
48.30	0.55
48.40	0.55
48.50	0.54
48.60	0.53
48.70	0.52
48.80	0.52
48.90	0.51
49.00	0.50
49.10	0.49
49.20	0.49
49.30	0.48
49.40	0.47
49.50	0.47
49.60	0.46
49.70	0.45
49.80	0.45
49.90	0.44
50.00	0.43
50.10	0.43
50.20	0.42
50.30	0.41
50.40	0.41
50.50	0.40
50.60	0.39
50.70	0.39
50.80	0.38
50.90	0.38
51.00	0.37
51.10	0.36
51.20	0.36
51.30	0.35
51.40	0.35
51.50	0.34
51.60	0.33
51.70	0.33
51.80	0.32
51.90	0.32
52.00	0.31
52.10	0.31
52.20	0.30
52.30	0.29
52.40	0.29
52.50	0.28
52.60	0.28
52.70	0.27
52.80	0.27
52.90	0.26
53.00	0.26
53.10	0.25
53.20	0.25
53.30	0.24
53.40	0.24
53.50	0.23
53.60	0.23
53.70	0.22
53.80	0.22
53.90	0.21
54.00	0.21
54.10	0.20
54.20	0.20
54.30	0.20
54.40	0.19
54.50	0.19
54.60	0.18
54.70	0.18
54.80	0.17
54.90	0.17
55.00	0.17
55.10	0.16
55.20	0.16
55.30	0.15
55.40	0.15
55.50	0.15
55.60	0.14
55.70	0.14
55.80	0.13
55.90	0.13
56.00	0.13
56.10	0.12
56.20	0.12
56.30	0.12
56.40	0.11
56.50	0.11
56.60	0.11
56.70	0.10
56.80	0.10
56.90	0.10
57.00	0.09
57.10	0.09
57.20	0.09
57.30	0.08
57.40	0.08
57.50	0.08
57.60	0.08
57.70	0.07
57.80	0.07
57.90	0.07
58.00	0.07
58.10	0.06
58.20	0.06
58.30	0.06
58.40	0.06
58.50	0.05
58.60	0.05
58.70	0.05
58.80	0.05
58.90	0.04
59.00	0.04
59.10	0.04
59.20	0.04
59.30	0.04
59.40	0.03
59.50	0.03
59.60	0.03
59.70	0.03
59.80	0.03
59.90	0.03
60.00	0.02
60.10	0.02
60.20	0.02
60.30	0.02
60.40	0.02
60.50	0.02
60.60	0.02
60.70	0.01
60.80	0.01
60.90	0.01
61.00	0.01
61.10	0.01
61.20	0.01
61.30	0.01
61.40	0.01
61.50	0.01
61.60	0.01
61.70	0.00
61.80	0.00
61.90	0.00
62.00	0.00
62.10	0.00
62.20	0.00
62.30	0.00
62.40	0.00
62.50	0.00
62.60	0.00
62.70	0.00
62.80	0.00
62.90	-0.00
