0.000000	1.000000
0.015708	0.999877
0.031416	0.999507
0.047124	0.998890
0.062832	0.998027
0.078540	0.996917
0.094248	0.995562
0.109956	0.993961
0.125664	0.992114
0.141372	0.990023
0.157080	0.987688
0.172788	0.985109
0.188496	0.982287
0.204203	0.979222
0.219911	0.975916
0.235619	0.972369
0.251327	0.968582
0.267035	0.964556
0.282743	0.960292
0.298451	0.955791
0.314159	0.951055
0.329867	0.946083
0.345575	0.940878
0.361283	0.935441
0.376991	0.929774
0.392699	0.923877
0.408407	0.917751
0.424115	0.911400
0.439823	0.904823
0.455531	0.898024
0.471239	0.891002
0.486947	0.883761
0.502655	0.876302
0.518363	0.868626
0.534071	0.860737
0.549779	0.852634
0.565487	0.844322
0.581195	0.835801
0.596903	0.827074
0.612611	0.818143
0.628319	0.809009
0.644027	0.799677
0.659735	0.790147
0.675443	0.780422
0.691150	0.770504
0.706858	0.760396
0.722566	0.750101
0.738274	0.739621
0.753982	0.728958
0.769690	0.718115
0.785398	0.707095
0.801106	0.695901
0.816814	0.684534
0.832522	0.672999
0.848230	0.661298
0.863938	0.649434
0.879646	0.637410
0.895354	0.625228
0.911062	0.612892
0.926770	0.600404
0.942478	0.587769
0.958186	0.574988
0.973894	0.562066
0.989602	0.549005
1.005310	0.535808
1.021018	0.522479
1.036726	0.509022
1.052434	0.495438
1.068142	0.481733
1.083850	0.467908
1.099558	0.453968
1.115266	0.439916
1.130974	0.425756
1.146682	0.411491
1.162390	0.397123
1.178097	0.382658
1.193805	0.368099
1.209513	0.353449
1.225221	0.338711
1.240929	0.323890
1.256637	0.308989
1.272345	0.294012
1.288053	0.278962
1.303761	0.263843
1.319469	0.248659
1.335177	0.233414
1.350885	0.218111
1.366593	0.202755
1.382301	0.187348
1.398009	0.171895
1.413717	0.156400
1.429425	0.140866
1.445133	0.125298
1.460841	0.109698
1.476549	0.094071
1.492257	0.078422
1.507965	0.062752
1.523673	0.047068
1.539381	0.031371
1.555089	0.015667
1.570797	-0.000041
1.586505	-0.015749
1.602213	-0.031453
1.617921	-0.047149
1.633629	-0.062834
1.649337	-0.078503
1.665045	-0.094153
1.680753	-0.109779
1.696460	-0.125379
1.712168	-0.140948
1.727876	-0.156482
1.743584	-0.171977
1.759292	-0.187430
1.775000	-0.202836
1.790708	-0.218193
1.806416	-0.233496
1.822124	-0.248741
1.837832	-0.263925
1.853540	-0.279043
1.869248	-0.294093
1.884956	-0.309070
1.900664	-0.323971
1.916372	-0.338792
1.932080	-0.353530
1.947788	-0.368180
1.963496	-0.382740
1.979204	-0.397205
1.994912	-0.411572
2.010620	-0.425837
2.026328	-0.439998
2.042036	-0.454050
2.057744	-0.467990
2.073452	-0.481814
2.089160	-0.495520
2.104868	-0.509103
2.120576	-0.522561
2.136284	-0.535889
2.151992	-0.549086
2.167700	-0.562147
2.183408	-0.575069
2.199116	-0.587850
2.214823	-0.600486
2.230531	-0.612973
2.246239	-0.625309
2.261947	-0.637491
2.277655	-0.649515
2.293363	-0.661380
2.309071	-0.673081
2.324779	-0.684616
2.340487	-0.695982
2.356195	-0.707176
2.371903	-0.718196
2.387611	-0.729039
2.403319	-0.739702
2.419027	-0.750182
2.434735	-0.760478
2.450443	-0.770585
2.466151	-0.780503
2.481859	-0.790228
2.497567	-0.799758
2.513275	-0.809091
2.528983	-0.818224
2.544691	-0.827155
2.560399	-0.835882
2.576107	-0.844403
2.591815	-0.852715
2.607523	-0.860818
2.623231	-0.868707
2.638939	-0.876383
2.654647	-0.883842
2.670355	-0.891083
2.686063	-0.898105
2.701771	-0.904904
2.717479	-0.911481
2.733186	-0.917832
2.748894	-0.923958
2.764602	-0.929855
2.780310	-0.935523
2.796018	-0.940960
2.811726	-0.946164
2.827434	-0.951136
2.843142	-0.955872
2.858850	-0.960373
2.874558	-0.964637
2.890266	-0.968663
2.905974	-0.972450
2.921682	-0.975997
2.937390	-0.979303
2.953098	-0.982368
2.968806	-0.985190
2.984514	-0.987769
3.000222	-0.990104
3.015930	-0.992195
3.031638	-0.994042
3.047346	-0.995643
3.063054	-0.996998
3.078762	-0.998107
3.094470	-0.998971
3.110178	-0.999587
3.125886	-0.999957
